Test various number of inserts, maxvalue of 1M
# count = 500000
i       500000  1000000 2.41 2.89 293248
v       500000  1000000 3.16 6.46 205584
vu      500000  1000000 0.88 0.13 81904
vm      500000  1000000 0.49 0.06 53456
vs      500000  1000000 0.58 0.16 81984
j       500000  1000000 0.78 0.13 39456
jw      500000  1000000 0.98 0.18 40064
# count = 1000000
i       1000000 1000000 5.94 6.23 472624
v       1000000 1000000 6.71 15.05 643040
vu      1000000 1000000 1.13 0.30 82032
vm      1000000 1000000 1.04 0.13 53296
vs      1000000 1000000 0.97 0.13 82208
j       1000000 1000000 1.88 0.32 49776
jw      1000000 1000000 1.54 0.41 49696
# count = 2000000
i       2000000 1000000 14.42 14.44 656368
v       2000000 1000000 16.04 31.85 874928
vu      2000000 1000000 3.16 0.90 82096
vm      2000000 1000000 2.54 0.59 53792
vs      2000000 1000000 2.72 0.40 82288
j       2000000 1000000 3.77 0.69 60608
jw      2000000 1000000 2.70 0.40 60576
# count = 3000000
i       3000000 1000000 20.90 21.93 736528
v       3000000 1000000 19.69 45.94 1060208
vu      3000000 1000000 3.63 0.59 81856
vm      3000000 1000000 3.08 0.42 53360
vs      3000000 1000000 3.86 0.84 82016
j       3000000 1000000 4.62 0.71 60176
jw      3000000 1000000 4.74 0.84 60624
# count = 4000000
i       4000000 1000000 29.47 31.72 762704
v       4000000 1000000 30.94 65.26 1054768
vu      4000000 1000000 5.75 1.15 82480
vm      4000000 1000000 4.22 0.74 53392
vs      4000000 1000000 4.74 0.64 82320
j       4000000 1000000 7.22 1.43 60336
jw      4000000 1000000 5.81 1.08 60256

Test 1M number of inserts, varying maxvalue
# maxval = 500000
i       1000000 500000  6.06 5.93 338992
v       1000000 500000  7.32 13.00 451072
vu      1000000 500000  1.36 0.21 53216
vm      1000000 500000  0.91 0.11 38192
vs      1000000 500000  1.12 0.23 53920
j       1000000 500000  1.48 0.19 40336
jw      1000000 500000  1.70 0.30 39456
# maxval = 1000000
i       1000000 1000000 6.35 6.96 473648
v       1000000 1000000 8.86 16.28 643264
vu      1000000 1000000 1.50 0.16 81776
vm      1000000 1000000 1.29 0.19 53152
vs      1000000 1000000 1.84 0.34 82432
j       1000000 1000000 2.40 0.45 50032
jw      1000000 1000000 1.55 0.28 49744
# maxval = 10000000
i       1000000 10000000        9.29 8.08 665696
v       1000000 10000000        9.53 15.04 650176
vu      1000000 10000000        2.60 0.76 644512
vm      1000000 10000000        1.90 0.34 332048
vs      1000000 10000000        2.03 0.43 644880
j       1000000 10000000        2.49 0.48 78048
jw      1000000 10000000        2.25 0.35 78384
# maxval = 20000000
i       1000000 20000000        7.64 7.53 689360
v       1000000 20000000        10.59 17.85 1272832
vu      1000000 20000000        1.92 0.49 1268880
vm      1000000 20000000        1.68 0.42 644832
vs      1000000 20000000        2.48 0.46 1269904
j       1000000 20000000        2.49 0.35 78096
jw      1000000 20000000        2.45 0.29 78000
# maxval = 40000000
i       1000000 40000000        8.84 7.31 702768
v       1000000 40000000        10.12 23.10 2526336
vu      1000000 40000000        1.85 0.62 2518880
vm      1000000 40000000        1.67 0.34 1269728
vs      1000000 40000000        1.99 0.53 2519408
j       1000000 40000000        2.84 0.48 75344
jw      1000000 40000000        2.51 0.43 76896
-
